7
Id,Age,Math,Science,Malay,English,Geography,
0,1,1,1,1,1,1,
50
15463586,22,72,39,49,98,78
14570628,24,90,69,97,38,59
16744839,18,38,50,90,77,52
17179195,23,48,91,38,77,40
16982075,20,45,80,99,24,47
11917261,18,42,32,25,94,82
19077542,19,39,20,28,50,51
11552936,21,29,60,25,97,40
14102242,21,69,35,20,95,21
10343640,21,62,80,85,80,27
17376436,16,62,63,68,57,24
15085079,16,24,68,95,79,70
11508420,19,93,73,55,38,69
16976776,22,99,82,66,51,72
10519842,19,45,68,68,51,49
10142265,19,27,77,94,53,32
15197653,19,59,85,66,46,99
10884784,22,47,62,70,91,25
15234153,17,69,71,86,55,50
16006067,22,86,22,60,65,24
19644810,16,57,42,70,33,97
